object={
	name="new_mapobject_7_variant_1"
	render_pass=Map
	clamp_to_water_level=yes
	generated_content=no
	layer="building_layer"
	pdxmesh="building_mediterranean_temple_pagan_01_a_mesh"
	count=4
	transform="1644.332764 0.000000 2175.760742 0.000000 0.000000 0.000000 1.000000 1.000000 1.000000 1.000000
1789.835327 0.000000 1905.441895 0.000000 0.000000 0.000000 1.000000 1.000000 1.000000 1.000000
2269.835693 0.000000 1899.262573 0.000000 -0.605546 0.000000 0.795810 1.000000 1.000000 1.000000
3000.361816 0.000000 1637.295288 0.000000 0.569850 0.000000 0.821749 1.000000 1.000000 1.000000
"}
